Development Set
Threshold: 7
Precision: 0.6053511705685619
Recall: 0.8660287081339713
F-score: 0.7125984251968505

