Development Set
Threshold: 19900000
Precision: 0.556782334384858
Recall: 0.8444976076555024
F-score: 0.6711026615969581

