Training Set
Threshold: 19900000
Precision: 0.5657051282051282
Recall: 0.8157134604274986
F-score: 0.6680861130825645

